Center
Title
Electromagnetic field data from file SEBS_CAVITY1.AF
SubTitle
Problem title line 1: Sebastian's first 10 MHz Pillbox Cavity

MArkersize -0.3
Abscissa 1
Ordinate 3 4


Titles
Z
R
Ez
Er
|E|
H 
EndTitles

AxisLabels
Z (cm)
R (cm)
Ez (MV/m)
Er (MV/m)
E (MV/m)
H  (A/m)
EndLabels

CurveLabels
Z
R
Ez
Er
E
H 
EndLabels

Data
;     Z             R              Ez            Er            |E|           H 
;   (cm)          (cm)           (MV/m)        (MV/m)        (MV/m)        (A/m) 
   0.00000       0.00000      9.999984E-01  0.000000E+00  9.999984E-01  0.000000E+00
  0.920000       0.00000      9.999984E-01  0.000000E+00  9.999984E-01  0.000000E+00
   1.84000       0.00000      9.999984E-01  0.000000E+00  9.999984E-01  0.000000E+00
   2.76000       0.00000      9.999985E-01  0.000000E+00  9.999985E-01  0.000000E+00
   3.68000       0.00000      9.999987E-01  0.000000E+00  9.999987E-01  0.000000E+00
   4.60000       0.00000      9.999989E-01  0.000000E+00  9.999989E-01  0.000000E+00
   5.52000       0.00000      9.999991E-01  0.000000E+00  9.999991E-01  0.000000E+00
   6.44000       0.00000      9.999991E-01  0.000000E+00  9.999991E-01  0.000000E+00
   7.36000       0.00000      9.999991E-01  0.000000E+00  9.999991E-01  0.000000E+00
   8.28000       0.00000      9.999991E-01  0.000000E+00  9.999991E-01  0.000000E+00
   9.20000       0.00000      9.999991E-01  0.000000E+00  9.999991E-01  0.000000E+00
   10.1200       0.00000      9.999991E-01  0.000000E+00  9.999991E-01  0.000000E+00
   11.0400       0.00000      9.999999E-01  0.000000E+00  9.999999E-01  0.000000E+00
   11.9600       0.00000      9.999999E-01  0.000000E+00  9.999999E-01  0.000000E+00
   12.8800       0.00000      1.000000E+00  0.000000E+00  1.000000E+00  0.000000E+00
   13.8000       0.00000      1.000000E+00  0.000000E+00  1.000000E+00  0.000000E+00
   14.7200       0.00000      9.999999E-01  0.000000E+00  9.999999E-01  0.000000E+00
   15.6400       0.00000      1.000000E+00  0.000000E+00  1.000000E+00  0.000000E+00
   16.5600       0.00000      1.000000E+00  0.000000E+00  1.000000E+00  0.000000E+00
   17.4800       0.00000      1.000000E+00  0.000000E+00  1.000000E+00  0.000000E+00
   18.4000       0.00000      1.000000E+00  0.000000E+00  1.000000E+00  0.000000E+00
   19.3200       0.00000      1.000000E+00  0.000000E+00  1.000000E+00  0.000000E+00
   20.2400       0.00000      1.000000E+00  0.000000E+00  1.000000E+00  0.000000E+00
   21.1600       0.00000      1.000000E+00  0.000000E+00  1.000000E+00  0.000000E+00
   22.0800       0.00000      1.000000E+00  0.000000E+00  1.000000E+00  0.000000E+00
   23.0000       0.00000      1.000000E+00  0.000000E+00  1.000000E+00  0.000000E+00
   23.9200       0.00000      1.000000E+00  0.000000E+00  1.000000E+00  0.000000E+00
   24.8400       0.00000      1.000000E+00  0.000000E+00  1.000000E+00  0.000000E+00
   25.7600       0.00000      1.000000E+00  0.000000E+00  1.000000E+00  0.000000E+00
   26.6800       0.00000      1.000000E+00  0.000000E+00  1.000000E+00  0.000000E+00
   27.6000       0.00000      1.000000E+00  0.000000E+00  1.000000E+00  0.000000E+00
   28.5200       0.00000      1.000000E+00  0.000000E+00  1.000000E+00  0.000000E+00
   29.4400       0.00000      1.000000E+00  0.000000E+00  1.000000E+00  0.000000E+00
   30.3600       0.00000      1.000000E+00  0.000000E+00  1.000000E+00  0.000000E+00
   31.2800       0.00000      1.000000E+00  0.000000E+00  1.000000E+00  0.000000E+00
   32.2000       0.00000      1.000000E+00  0.000000E+00  1.000000E+00  0.000000E+00
   33.1200       0.00000      1.000000E+00  0.000000E+00  1.000000E+00  0.000000E+00
   34.0400       0.00000      1.000000E+00  0.000000E+00  1.000000E+00  0.000000E+00
   34.9600       0.00000      1.000000E+00  0.000000E+00  1.000000E+00  0.000000E+00
   35.8800       0.00000      1.000000E+00  0.000000E+00  1.000000E+00  0.000000E+00
   36.8000       0.00000      1.000000E+00  0.000000E+00  1.000000E+00  0.000000E+00
   37.7200       0.00000      1.000000E+00  0.000000E+00  1.000000E+00  0.000000E+00
   38.6400       0.00000      1.000000E+00  0.000000E+00  1.000000E+00  0.000000E+00
   39.5600       0.00000      1.000000E+00  0.000000E+00  1.000000E+00  0.000000E+00
   40.4800       0.00000      1.000000E+00  0.000000E+00  1.000000E+00  0.000000E+00
   41.4000       0.00000      1.000000E+00  0.000000E+00  1.000000E+00  0.000000E+00
   42.3200       0.00000      1.000000E+00  0.000000E+00  1.000000E+00  0.000000E+00
   43.2400       0.00000      1.000000E+00  0.000000E+00  1.000000E+00  0.000000E+00
   44.1600       0.00000      1.000000E+00  0.000000E+00  1.000000E+00  0.000000E+00
   45.0800       0.00000      1.000000E+00  0.000000E+00  1.000000E+00  0.000000E+00
   46.0000       0.00000      1.000000E+00  0.000000E+00  1.000000E+00  0.000000E+00
   46.9200       0.00000      1.000000E+00  0.000000E+00  1.000000E+00  0.000000E+00
   47.8400       0.00000      1.000000E+00  0.000000E+00  1.000000E+00  0.000000E+00
   48.7600       0.00000      1.000000E+00  0.000000E+00  1.000000E+00  0.000000E+00
   49.6800       0.00000      1.000000E+00  0.000000E+00  1.000000E+00  0.000000E+00
   50.6000       0.00000      1.000000E+00  0.000000E+00  1.000000E+00  0.000000E+00
   51.5200       0.00000      1.000000E+00  0.000000E+00  1.000000E+00  0.000000E+00
   52.4400       0.00000      1.000000E+00  0.000000E+00  1.000000E+00  0.000000E+00
   53.3600       0.00000      1.000000E+00  0.000000E+00  1.000000E+00  0.000000E+00
   54.2800       0.00000      1.000000E+00  0.000000E+00  1.000000E+00  0.000000E+00
   55.2000       0.00000      1.000000E+00  0.000000E+00  1.000000E+00  0.000000E+00
   56.1200       0.00000      1.000000E+00  0.000000E+00  1.000000E+00  0.000000E+00
   57.0400       0.00000      1.000000E+00  0.000000E+00  1.000000E+00  0.000000E+00
   57.9600       0.00000      1.000000E+00  0.000000E+00  1.000000E+00  0.000000E+00
   58.8800       0.00000      1.000000E+00  0.000000E+00  1.000000E+00  0.000000E+00
   59.8000       0.00000      1.000000E+00  0.000000E+00  1.000000E+00  0.000000E+00
   60.7200       0.00000      1.000000E+00  0.000000E+00  1.000000E+00  0.000000E+00
   61.6400       0.00000      1.000000E+00  0.000000E+00  1.000000E+00  0.000000E+00
   62.5600       0.00000      1.000000E+00  0.000000E+00  1.000000E+00  0.000000E+00
   63.4800       0.00000      1.000000E+00  0.000000E+00  1.000000E+00  0.000000E+00
   64.4000       0.00000      1.000000E+00  0.000000E+00  1.000000E+00  0.000000E+00
   65.3200       0.00000      1.000000E+00  0.000000E+00  1.000000E+00  0.000000E+00
   66.2400       0.00000      1.000000E+00  0.000000E+00  1.000000E+00  0.000000E+00
   67.1600       0.00000      1.000000E+00  0.000000E+00  1.000000E+00  0.000000E+00
   68.0800       0.00000      1.000000E+00  0.000000E+00  1.000000E+00  0.000000E+00
   69.0000       0.00000      1.000000E+00  0.000000E+00  1.000000E+00  0.000000E+00
   69.9200       0.00000      1.000000E+00  0.000000E+00  1.000000E+00  0.000000E+00
   70.8400       0.00000      1.000000E+00  0.000000E+00  1.000000E+00  0.000000E+00
   71.7600       0.00000      1.000000E+00  0.000000E+00  1.000000E+00  0.000000E+00
   72.6800       0.00000      1.000000E+00  0.000000E+00  1.000000E+00  0.000000E+00
   73.6000       0.00000      1.000000E+00  0.000000E+00  1.000000E+00  0.000000E+00
   74.5200       0.00000      1.000000E+00  0.000000E+00  1.000000E+00  0.000000E+00
   75.4400       0.00000      1.000000E+00  0.000000E+00  1.000000E+00  0.000000E+00
   76.3600       0.00000      1.000000E+00  0.000000E+00  1.000000E+00  0.000000E+00
   77.2800       0.00000      1.000001E+00  0.000000E+00  1.000001E+00  0.000000E+00
   78.2000       0.00000      1.000001E+00  0.000000E+00  1.000001E+00  0.000000E+00
   79.1200       0.00000      1.000001E+00  0.000000E+00  1.000001E+00  0.000000E+00
   80.0400       0.00000      1.000001E+00  0.000000E+00  1.000001E+00  0.000000E+00
   80.9600       0.00000      1.000001E+00  0.000000E+00  1.000001E+00  0.000000E+00
   81.8800       0.00000      9.999999E-01  0.000000E+00  9.999999E-01  0.000000E+00
   82.8000       0.00000      9.999999E-01  0.000000E+00  9.999999E-01  0.000000E+00
   83.7200       0.00000      9.999998E-01  0.000000E+00  9.999998E-01  0.000000E+00
   84.6400       0.00000      9.999998E-01  0.000000E+00  9.999998E-01  0.000000E+00
   85.5600       0.00000      9.999998E-01  0.000000E+00  9.999998E-01  0.000000E+00
   86.4800       0.00000      9.999998E-01  0.000000E+00  9.999998E-01  0.000000E+00
   87.4000       0.00000      9.999993E-01  0.000000E+00  9.999993E-01  0.000000E+00
   88.3200       0.00000      9.999992E-01  0.000000E+00  9.999992E-01  0.000000E+00
   89.2400       0.00000      9.999992E-01  0.000000E+00  9.999992E-01  0.000000E+00
   90.1600       0.00000      9.999992E-01  0.000000E+00  9.999992E-01  0.000000E+00
   91.0800       0.00000      9.999992E-01  0.000000E+00  9.999992E-01  0.000000E+00
   92.0000       0.00000      9.999992E-01  0.000000E+00  9.999992E-01  0.000000E+00
EndData
EndFile
